#ifndef CONSTANTS_H_
#define CONSTANTS_H_

//#define _DEBUG	
//#define _DEBUG_AMBTYPES
//#define _DEBUG_TESTATM4VDW
//#define _DEBUG_ANG
//#define _DEBUG_CONFS
//#define _DEBUG_ATOM_DIST
//#define _DEBUG_CONFS_OUTINFO
//#define _DEBUG_TIMES
#define _DEBUG_MINI

static const std::string PROGRAM = "ALFA";
static const std::string VERSION = "5.0";

static const std::string LOGO1 	= "      .o.       oooo     ooooooooo  .o.       ";
static const std::string LOGO2 	= "     .888.      `88'     `88'  `8  .888.      ";
static const std::string LOGO3 	= "    .8\"888.      88       88      .8\"888.   ";
static const std::string LOGO4 	= "   .8' `888.     88       88o8   .8' `888.   ";
static const std::string LOGO5 	= "  .88ooo8888.    88       88 \"  .88ooo8888.  ";
static const std::string LOGO6 	= " .8'     `888.   88    o  88   .8'     `888.  ";
static const std::string LOGO7 	= "o88o     o8888o o88oood8 o88o o88o     o8888o ";

// MCSA
static const int CHANGES_IN_MCSA = 1;
static const double PROB_EXTRA_CHANGE = 0.30;
static const double INITIAL_MCSA_TEMPERATURE = 60;
static const int MAX_GENERATED_PER_MCSA_ROUND = 250;
static const double MAX_ACCEPTED_PER_MCSA_ROUND = 0.5;
static const double ANNEALING_SCHEDULE = 0.85;

static const int MAX_ATOM = 600;

static const double DELTA = 0.003;



// CLUSTERING PARAMETERS
unsigned int NUM_PREREFINED_CONF = 500;
double MAX_ENE = 200;
static const double MAX_ENE_DIFF =  300;
static const double SILLA_SCORE = -100;
double DIST_CUTOFF = 0.95;
//static const double DIST_CUTOFF = 0.75; // USED IN DISTRIBUTION VERSION





static const unsigned int NRADIUS = 23; // Number of radius values for VDW
static const double RADIUS[] = { // Radius values for VDW
	 1.9080,
	 1.9080,
	 1.8240,
	 1.7210,
	 1.6612,
	 1.6837,
	 2.0000,
	 1.4870,
	 1.4590,
	 0.6000,
	 0.0000,
	 2.1000,
	 2.3500,
	 2.2200,
	 1.9480,
	 1.7500,
	 1.3870,
	 1.2870,
	 1.1870,
	 1.4090,
	 1.3590,
	 1.1000,
	 1.8240
}; // Remember to update the NRADIUS when either adding or removing rules

static const unsigned int NEPSILON = 23; // Number of epsilon values for VDW
static const double EPSILON[] = { // Epsilon values for VDW
	 0.1094,
	 0.0860,
	 0.1700,
	 0.2104,
	 0.2100,
	 0.1700,
	 0.2500,
	 0.0157,
	 0.0150,
	 0.0157,
	 0.0000,
	 0.2000,
	 0.4000,
	 0.3200,
	 0.2650,
	 0.0610,
	 0.0157,
	 0.0157,
	 0.0157,
	 0.0150,
	 0.0150,
	 0.0157,
	 0.1700
}; // Remember to update the NEPSILON when either adding or removing rules

static const unsigned int NVDWMATRIXA = NRADIUS * NEPSILON;
static const double VDWMATRIXA[NVDWMATRIXA][NVDWMATRIXA] = {
  {  1043080.231,   924822.270,   995480.466,   791544.157,   647841.731,   628541.240,  2098617.673,    97170.812,    85994.700,     2566.781,        0.000,  2541886.843,  7430303.303,  4580996.011,  1839822.394,   468919.175,    67877.137,    46893.088,    32017.420,    71862.107,    59888.565,    22740.105,   995480.466},
  {   924822.270,   819971.662,   882619.071,   701803.794,   574393.458,   557281.136,  1860689.430,    86154.188,    76245.155,     2275.776,        0.000,  2253703.493,  6587901.642,  4061631.122,  1631234.753,   415756.030,    60181.648,    41576.641,    28387.483,    63714.828,    53098.771,    20161.973,   882619.071},
  {   995480.466,   882619.071,   944293.233,   744975.864,   606829.342,   589818.288,  2015621.900,    89677.699,    79162.715,     2126.012,        0.000,  2457465.576,  7292623.509,  4462037.469,  1760790.176,   442327.516,    62066.600,    42459.455,    28688.204,    65847.387,    54614.725,    20179.142,   944293.233},
  {   791544.157,   701803.794,   744975.864,   581803.229,   471003.287,   458874.091,  1615879.281,    68278.663,    60075.022,     1404.670,        0.000,  1986837.360,  6011268.020,  3642294.645,  1405135.952,   346452.061,    46692.251,    31536.005,    21018.684,    49670.731,    40942.758,    14598.550,   744975.864},
  {   647841.731,   574393.458,   606829.342,   471003.287,   379876.399,   370622.491,  1329110.522,    54426.104,    47790.818,     1025.952,        0.000,  1642637.656,  5028418.811,  3028844.024,  1152561.129,   280970.524,    36947.153,    24759.552,    16364.595,    39369.082,    32328.363,    11278.046,   606829.342},
  {   628541.240,   557281.136,   589818.288,   458874.091,   370622.491,   361397.723,  1287079.918,    53337.925,    46871.105,     1039.544,        0.000,  1587595.277,  4838353.524,  2920899.847,  1117292.774,   273550.530,    36309.725,    24405.058,    16181.844,    38665.499,    31796.528,    11185.192,   589818.288},
  {  2098617.673,  1860689.430,  2015621.900,  1615879.281,  1329110.522,  1287079.918,  4194304.000,   202461.849,   179647.996,     5978.607,        0.000,  5045349.812, 14516806.348,  9021825.133,  3690784.340,   955014.872,   142791.446,    99658.944,    68786.719,   150848.032,   126338.489,    49346.932,  2015621.900},
  {    97170.812,    86154.188,    89677.699,    68278.663,    54426.104,    53337.925,   202461.849,     7516.077,     6558.256,      107.194,        0.000,   254238.516,   807014.638,   477304.850,   174057.868,    40956.906,     4985.868,     3259.696,     2098.150,     5340.454,     4333.255,     1410.772,    89677.699},
  {    85994.700,    76245.155,    79162.715,    60075.022,    47790.818,    46871.105,   179647.996,     6558.256,     5716.296,       89.099,        0.000,   226202.022,   722449.171,   425969.077,   154217.681,    36070.084,     4333.255,     2820.992,     1807.480,     4645.592,     3761.691,     1210.149,    79162.715},
  {     2566.781,     2275.776,     2126.012,     1404.670,     1025.952,     1039.544,     5978.607,      107.194,       89.099,        0.140,        0.000,     8410.658,    34422.627,    17927.268,     4830.208,      877.868,       59.467,       32.001,       16.649,       66.337,       49.024,        9.147,     2126.012},
  {        0.000,        0.000,        0.000,        0.000,        0.000,        0.000,        0.000,        0.000,        0.000,        0.000,        0.000,        0.000,        0.000,        0.000,        0.000,        0.000,        0.000,        0.000,        0.000,        0.000,        0.000,        0.000,        0.000},
  {  2541886.843,  2253703.493,  2457465.576,  1986837.360,  1642637.656,  1587595.277,  5045349.812,   254238.516,   226202.022,     8410.658,        0.000,  6025893.897, 17055526.294, 10687963.175,  4456808.572,  1171409.305,   181087.383,   127716.552,    89137.669,   190880.272,   160682.053,    64604.767,  2457465.576},
  {  7430303.303,  6587901.642,  7292623.509,  6011268.020,  5028418.811,  4838353.524, 14516806.348,   807014.638,   722449.171,    34422.627,        0.000, 17055526.294, 46476593.244, 29689260.865, 12937485.215,  3524529.856,   587837.105,   424521.250,   303808.933,   616514.838,   524997.971,   225324.784,  7292623.509},
  {  4580996.011,  4061631.122,  4462037.469,  3642294.645,  3028844.024,  2920899.847,  9021825.133,   477304.850,   425969.077,    17927.268,        0.000, 10687963.175, 29689260.865, 18782163.626,  8004430.712,  2141539.000,   343778.350,   245331.891,   173376.575,   361463.323,   306027.884,   127110.615,  4462037.469},
  {  1839822.394,  1631234.753,  1760790.176,  1405135.952,  1152561.129,  1117292.774,  3690784.340,   174057.868,   154217.681,     4830.208,        0.000,  4456808.572, 12937485.215,  8004430.712,  3240956.876,   831554.535,   122102.013,    84735.263,    58133.076,   129147.101,   107864.592,    41471.746,  1760790.176},
  {   468919.175,   415756.030,   442327.516,   346452.061,   280970.524,   273550.530,   955014.872,    40956.906,    36070.084,      877.868,        0.000,  1171409.305,  3524529.856,  2141539.000,   831554.535,   206132.451,    28105.348,    19052.512,    12748.588,    29874.872,    24669.435,     8886.957,   442327.516},
  {    67877.137,    60181.648,    62066.600,    46692.251,    36947.153,    36309.725,   142791.446,     4985.868,     4333.255,       59.467,        0.000,   181087.383,   587837.105,   343778.350,   122102.013,    28105.348,     3259.696,     2098.150,     1328.013,     3503.011,     2820.992,      879.041,    62066.600},
  {    46893.088,    41576.641,    42459.455,    31536.005,    24759.552,    24405.058,    99658.944,     3259.696,     2820.992,       32.001,        0.000,   127716.552,   424521.250,   245331.891,    84735.263,    19052.512,     2098.150,     1328.013,      825.460,     2262.737,     1807.480,      537.191,    42459.455},
  {    32017.420,    28387.483,    28688.204,    21018.684,    16364.595,    16181.844,    68786.719,     2098.150,     1807.480,       16.649,        0.000,    89137.669,   303808.933,   173376.575,    58133.076,    12748.588,     1328.013,      825.460,      503.116,     1437.645,     1138.404,      321.435,    28688.204},
  {    71862.107,    63714.828,    65847.387,    49670.731,    39369.082,    38665.499,   150848.032,     5340.454,     4645.592,       66.337,        0.000,   190880.272,   616514.838,   361463.323,   129147.101,    29874.872,     3503.011,     2262.737,     1437.645,     3761.691,     3034.480,      955.000,    65847.387},
  {    59888.565,    53098.771,    54614.725,    40942.758,    32328.363,    31796.528,   126338.489,     4333.255,     3761.691,       49.024,        0.000,   160682.053,   524997.971,   306027.884,   107864.592,    24669.435,     2820.992,     1807.480,     1138.404,     3034.480,     2438.286,      750.063,    54614.725},
  {    22740.105,    20161.973,    20179.142,    14598.550,    11278.046,    11185.192,    49346.932,     1410.772,     1210.149,        9.147,        0.000,    64604.767,   225324.784,   127110.615,    41471.746,     8886.957,      879.041,      537.191,      321.435,      955.000,      750.063,      201.824,    20179.142},
  {   995480.466,   882619.071,   944293.233,   744975.864,   606829.342,   589818.288,  2015621.900,    89677.699,    79162.715,     2126.012,        0.000,  2457465.576,  7292623.509,  4462037.469,  1760790.176,   442327.516,    62066.600,    42459.455,    28688.204,    65847.387,    54614.725,    20179.142,   944293.233}
};
static const unsigned int NVDWMATRIXB = NRADIUS * NEPSILON;
static const double VDWMATRIXB[NVDWMATRIXB][NVDWMATRIXB] = {
  {  675.612,  599.016,  736.907,  693.080,  626.720,  585.549, 1178.246,  126.919,  118.044,   20.628,    0.000, 1226.366, 2493.461, 1851.620, 1119.396,  391.441,  106.077,   88.169,   72.854,  107.909,   98.510,   61.398,  736.907},
  {  599.016,  531.103,  653.361,  614.503,  555.666,  519.163, 1044.664,  112.530,  104.661,   18.289,    0.000, 1087.328, 2210.768, 1641.694,  992.486,  347.061,   94.051,   78.173,   64.594,   95.675,   87.341,   54.437,  653.361},
  {  736.907,  653.361,  801.324,  750.714,  677.221,  633.306, 1289.234,  136.132,  126.452,   20.960,    0.000, 1346.305, 2758.031, 2040.311, 1222.665,  424.470,  113.252,   93.671,   76.996,  115.328,  105.032,   64.576,  801.324},
  {  693.080,  614.503,  750.714,  699.747,  629.301,  589.183, 1217.533,  125.288,  116.188,   17.970,    0.000, 1276.821, 2641.128, 1944.314, 1152.025,  396.228,  103.607,   85.147,   69.513,  105.649,   95.919,   57.932,  750.714},
  {  626.720,  555.666,  677.221,  629.301,  564.886,  529.253, 1103.698,  111.806,  103.581,   15.351,    0.000, 1160.415, 2414.435, 1772.192, 1042.865,  356.654,   92.119,   75.410,   61.307,   94.012,   85.192,   50.895,  677.221},
  {  585.549,  519.163,  633.306,  589.183,  529.253,  495.732, 1030.220,  104.987,   97.301,   14.657,    0.000, 1082.106, 2246.498, 1650.776,  973.951,  333.805,   86.622,   71.016,   57.827,   88.374,   80.141,   48.077,  633.306},
  { 1178.246, 1044.664, 1289.234, 1217.533, 1103.698, 1030.220, 2048.000,  225.248,  209.773,   38.707,    0.000, 2124.311, 4285.145, 3194.844, 1949.332,  686.835,  189.165,  158.033,  131.293,  192.224,  175.916,  111.204, 1289.234},
  {  126.919,  112.530,  136.132,  125.288,  111.806,  104.987,  225.248,   21.726,   20.064,    2.595,    0.000,  238.717,  505.779,  367.867,  211.916,   71.203,   17.695,   14.308,   11.479,   18.106,   16.309,    9.413,  136.132},
  {  118.044,  104.661,  126.452,  116.188,  103.581,   97.301,  209.773,   20.064,   18.520,    2.339,    0.000,  222.617,  473.120,  343.581,  197.211,   66.063,   16.309,   13.159,   10.533,   16.695,   15.023,    8.619,  126.452},
  {   20.628,   18.289,   20.960,   17.970,   15.351,   14.657,   38.707,    2.595,    2.339,    0.094,    0.000,   43.419,  104.458,   71.293,   35.302,   10.424,    1.932,    1.418,    1.023,    2.018,    1.735,    0.758,   20.960},
  {    0.000,    0.000,    0.000,    0.000,    0.000,    0.000,    0.000,    0.000,    0.000,    0.000,    0.000,    0.000,    0.000,    0.000,    0.000,    0.000,    0.000,    0.000,    0.000,    0.000,    0.000,    0.000,    0.000},
  { 1226.366, 1087.328, 1346.305, 1276.821, 1160.415, 1082.106, 2124.311,  238.717,  222.617,   43.419,    0.000, 2195.613, 4392.736, 3288.686, 2025.867,  719.406,  201.468,  169.194,  141.349,  204.499,  187.626,  120.336, 1346.305},
  { 2493.461, 2210.768, 2758.031, 2641.128, 2414.435, 2246.498, 4285.145,  505.779,  473.120,  104.458,    0.000, 4392.736, 8623.372, 6518.268, 4104.700, 1483.980,  431.667,  366.834,  310.327,  437.059,  403.317,  267.254, 2758.031},
  { 1851.620, 1641.694, 2040.311, 1944.314, 1772.192, 1650.776, 3194.844,  367.867,  343.581,   71.293,    0.000, 3288.686, 6518.268, 4903.180, 3053.474, 1093.989,  312.199,  263.736,  221.711,  316.499,  291.220,  189.838, 2040.311},
  { 1119.396,  992.486, 1222.665, 1152.025, 1042.865,  973.951, 1949.332,  211.916,  197.211,   35.302,    0.000, 2025.867, 4104.700, 3053.474, 1853.487,  650.308,  177.492,  147.859,  122.470,  180.471,  164.932,  103.441, 1222.665},
  {  391.441,  347.061,  424.470,  396.228,  356.654,  333.805,  686.835,   71.203,   66.063,   10.424,    0.000,  719.406, 1483.980, 1093.989,  650.308,  224.268,   58.984,   48.564,   39.725,   60.123,   54.634,   33.168,  424.470},
  {  106.077,   94.051,  113.252,  103.607,   92.119,   86.622,  189.165,   17.695,   16.309,    1.932,    0.000,  201.468,  431.667,  312.199,  177.492,   58.984,   14.308,   11.479,    9.132,   14.664,   13.159,    7.430,  113.252},
  {   88.169,   78.173,   93.671,   85.147,   75.410,   71.016,  158.033,   14.308,   13.159,    1.418,    0.000,  169.194,  366.834,  263.736,  147.859,   48.564,   11.479,    9.132,    7.200,   11.785,   10.533,    5.808,   93.671},
  {   72.854,   64.594,   76.996,   69.513,   61.307,   57.827,  131.293,   11.479,   10.533,    1.023,    0.000,  141.349,  310.327,  221.711,  122.470,   39.725,    9.132,    7.200,    5.621,    9.394,    8.359,    4.493,   76.996},
  {  107.909,   95.675,  115.328,  105.649,   94.012,   88.374,  192.224,   18.106,   16.695,    2.018,    0.000,  204.499,  437.059,  316.499,  180.471,   60.123,   14.664,   11.785,    9.394,   15.023,   13.493,    7.656,  115.328},
  {   98.510,   87.341,  105.032,   95.919,   85.192,   80.141,  175.916,   16.309,   15.023,    1.735,    0.000,  187.626,  403.317,  291.220,  164.932,   54.634,   13.159,   10.533,    8.359,   13.493,   12.095,    6.785,  105.032},
  {   61.398,   54.437,   64.576,   57.932,   50.895,   48.077,  111.204,    9.413,    8.619,    0.758,    0.000,  120.336,  267.254,  189.838,  103.441,   33.168,    7.430,    5.808,    4.493,    7.656,    6.785,    3.560,   64.576},
  {  736.907,  653.361,  801.324,  750.714,  677.221,  633.306, 1289.234,  136.132,  126.452,   20.960,    0.000, 1346.305, 2758.031, 2040.311, 1222.665,  424.470,  113.252,   93.671,   76.996,  115.328,  105.032,   64.576,  801.324}
};
static const unsigned int NRadiiMin= NRADIUS * NRADIUS;
static const float RadiiMin[NRadiiMin][NRadiiMin] = {
  {    4.586,    4.586,    4.387,    4.148,    4.012,    4.063,    4.810,    3.630,    3.570,    1.981,    1.147,    5.059,    5.710,    5.367,    4.683,    4.214,    3.419,    3.215,    3.017,    3.465,    3.362,    2.850,    4.387},
  {    4.586,    4.586,    4.387,    4.148,    4.012,    4.063,    4.810,    3.630,    3.570,    1.981,    1.147,    5.059,    5.710,    5.367,    4.683,    4.214,    3.419,    3.215,    3.017,    3.465,    3.362,    2.850,    4.387},
  {    4.387,    4.387,    4.191,    3.958,    3.826,    3.875,    4.605,    3.453,    3.395,    1.851,    1.048,    4.849,    5.487,    5.151,    4.481,    4.023,    3.247,    3.048,    2.855,    3.292,    3.191,    2.693,    4.191},
  {    4.148,    4.148,    3.958,    3.731,    3.603,    3.651,    4.361,    3.241,    3.185,    1.697,    0.933,    4.598,    5.220,    4.892,    4.240,    3.794,    3.042,    2.850,    2.663,    3.085,    2.988,    2.506,    3.958},
  {    4.012,    4.012,    3.826,    3.603,    3.476,    3.524,    4.222,    3.121,    3.066,    1.610,    0.869,    4.455,    5.067,    4.744,    4.103,    3.665,    2.926,    2.737,    2.555,    2.969,    2.873,    2.401,    3.826},
  {    4.063,    4.063,    3.875,    3.651,    3.524,    3.571,    4.274,    3.166,    3.111,    1.643,    0.893,    4.509,    5.124,    4.799,    4.154,    3.713,    2.970,    2.779,    2.595,    3.012,    2.916,    2.441,    3.875},
  {    4.810,    4.810,    4.605,    4.361,    4.222,    4.274,    5.039,    3.829,    3.768,    2.129,    1.260,    5.294,    5.960,    5.609,    4.909,    4.429,    3.613,    3.403,    3.199,    3.660,    3.553,    3.027,    4.605},
  {    3.630,    3.630,    3.453,    3.241,    3.121,    3.166,    3.829,    2.786,    2.733,    1.372,    0.696,    4.052,    4.637,    4.328,    3.716,    3.300,    2.601,    2.424,    2.252,    2.641,    2.551,    2.108,    3.453},
  {    3.570,    3.570,    3.395,    3.185,    3.066,    3.111,    3.768,    2.733,    2.682,    1.335,    0.670,    3.989,    4.569,    4.263,    3.656,    3.243,    2.551,    2.375,    2.205,    2.591,    2.501,    2.062,    3.395},
  {    1.981,    1.981,    1.851,    1.697,    1.610,    1.643,    2.129,    1.372,    1.335,    0.454,    0.113,    2.296,    2.741,    2.505,    2.045,    1.739,    1.243,    1.121,    1.006,    1.271,    1.209,    0.910,    1.851},
  {    1.147,    1.147,    1.048,    0.933,    0.869,    0.893,    1.260,    0.696,    0.670,    0.113,    0.000,    1.389,    1.739,    1.552,    1.195,    0.965,    0.606,    0.522,    0.444,    0.625,    0.582,    0.381,    1.048},
  {    5.059,    5.059,    4.849,    4.598,    4.455,    4.509,    5.294,    4.052,    3.989,    2.296,    1.389,    5.556,    6.237,    5.878,    5.161,    4.668,    3.829,    3.613,    3.403,    3.878,    3.768,    3.225,    4.849},
  {    5.710,    5.710,    5.487,    5.220,    5.067,    5.124,    5.960,    4.637,    4.569,    2.741,    1.739,    6.237,    6.957,    6.578,    5.818,    5.294,    4.398,    4.166,    3.940,    4.450,    4.333,    3.749,    5.487},
  {    5.367,    5.367,    5.151,    4.892,    4.744,    4.799,    5.609,    4.328,    4.263,    2.505,    1.552,    5.878,    6.578,    6.209,    5.471,    4.964,    4.098,    3.874,    3.656,    4.148,    4.034,    3.471,    5.151},
  {    4.683,    4.683,    4.481,    4.240,    4.103,    4.154,    4.909,    3.716,    3.656,    2.045,    1.195,    5.161,    5.818,    5.471,    4.780,    4.307,    3.503,    3.296,    3.095,    3.549,    3.444,    2.926,    4.481},
  {    4.214,    4.214,    4.023,    3.794,    3.665,    3.713,    4.429,    3.300,    3.243,    1.739,    0.965,    4.668,    5.294,    4.964,    4.307,    3.858,    3.099,    2.905,    2.717,    3.143,    3.044,    2.558,    4.023},
  {    3.419,    3.419,    3.247,    3.042,    2.926,    2.970,    3.613,    2.601,    2.551,    1.243,    0.606,    3.829,    4.398,    4.098,    3.503,    3.099,    2.424,    2.252,    2.087,    2.462,    2.375,    1.948,    3.247},
  {    3.215,    3.215,    3.048,    2.850,    2.737,    2.779,    3.403,    2.424,    2.375,    1.121,    0.522,    3.613,    4.166,    3.874,    3.296,    2.905,    2.252,    2.087,    1.928,    2.289,    2.205,    1.794,    3.048},
  {    3.017,    3.017,    2.855,    2.663,    2.555,    2.595,    3.199,    2.252,    2.205,    1.006,    0.444,    3.403,    3.940,    3.656,    3.095,    2.717,    2.087,    1.928,    1.775,    2.122,    2.042,    1.647,    2.855},
  {    3.465,    3.465,    3.292,    3.085,    2.969,    3.012,    3.660,    2.641,    2.591,    1.271,    0.625,    3.878,    4.450,    4.148,    3.549,    3.143,    2.462,    2.289,    2.122,    2.501,    2.413,    1.983,    3.292},
  {    3.362,    3.362,    3.191,    2.988,    2.873,    2.916,    3.553,    2.551,    2.501,    1.209,    0.582,    3.768,    4.333,    4.034,    3.444,    3.044,    2.375,    2.205,    2.042,    2.413,    2.327,    1.904,    3.191},
  {    2.850,    2.850,    2.693,    2.506,    2.401,    2.441,    3.027,    2.108,    2.062,    0.910,    0.381,    3.225,    3.749,    3.471,    2.926,    2.558,    1.948,    1.794,    1.647,    1.983,    1.904,    1.524,    2.693},
  {    4.387,    4.387,    4.191,    3.958,    3.826,    3.875,    4.605,    3.453,    3.395,    1.851,    1.048,    4.849,    5.487,    5.151,    4.481,    4.023,    3.247,    3.048,    2.855,    3.292,    3.191,    2.693,    4.191}
};

#endif /*CONSTANTS_H_*/
